0 0.6916019999999999 0.6883429999999999 0.622935 0.617523 0.577615 0.556473 0.530921 0.48809500000000006 0.49658800000000003 0.456349 0.467748 0.41727499999999995 0.460839 0.396602 0.44626200000000005 0.385353 0.433609 0.377038 0.42150699999999997 0.367257 0.422608 0.356985 0.42563300000000004 0.343291 0.41793199999999997 0.34426999999999996 0.400329 0.34916 0.390152 0.356008 0.38217500000000004 0.363344 0.381075 0.366768 0.385751 0.374104 0.391527 0.39073199999999997 0.40087900000000004 0.405405 0.396478 0.41763300000000003 0.395103 0.42692500000000005 0.39455300000000004 0.449423 0.392352 0.46947599999999995 0.389326 0.486594 0.38712599999999997 0.512026 0.38217500000000004 0.537948 0.385751 0.557512 0.38134999999999997 0.586375 0.37915 0.609851 0.375849 0.633816 0.371174 0.647511 0.407205 0.671476 0.402529 0.586375 0.423708 0.573658 0.433335 0.578061 0.438835 0.6973969999999999 0.489719 0.734036 0.486419 0.6298600000000001 0.504572 0.613721 0.517224 0.618611 0.518599 0.621057 0.5219 0.759469 0.6264350000000001 0.835722 0.6289100000000001 0.695354 0.6421129999999999 0.668946 0.661366 0.677749 0.65724 0.860644 0.8440429999999999 0.999456 1 1 0.9607760000000001 0.942315 0.874255 0.859286 0.7740020000000001 0.764046 0.6916019999999999 0.6883429999999999
0 0.300097 0.715525 0.296936 0.719416 0.287697 0.7276320000000001 0.290128 0.770437 0.306419 0.7881630000000001 0.300097 0.715525
0 0.264597 0.7656810000000001 0.259977 0.767842 0.277727 0.9727520000000001 0.285265 0.983562 0.264597 0.7656810000000001
0 0.236635 0.786411 0.23347400000000001 0.789438 0.246604 0.9286619999999999 0.252926 0.936877 0.236635 0.786411
0 0.309094 0.81538 0.293289 0.799383 0.30958 0.999957 0.32173799999999997 1 0.309094 0.81538
0 0.34626 0.6928650000000001 0.332158 0.679894 0.325349 0.68638 0.334103 0.820847 0.35695899999999997 0.847654 0.34626 0.6928650000000001
0 0.367415 1 0.35768900000000003 0.8783160000000001 0.337021 0.8515090000000001 0.347233 1 0.367415 1
0 0.422124 1 0.42066499999999996 0.955247 0.389299 0.9163330000000001 0.392946 1 0.422124 1
0 0.410808 0.746207 0.37644 0.715064 0.38600599999999996 0.881089 0.41931799999999997 0.924326 0.410808 0.746207
0 0.497613 1 0.492021 0.8132059999999999 0.442397 0.773152 0.450198 0.960182 0.481322 0.99996 0.497613 1
0 0.622387 1 0.624332 0.9295019999999999 0.5245029999999999 0.843704 0.526827 1 0.622387 1
0 0.7041109999999999 1 0.65525 0.9578200000000001 0.653779 1 0.7041109999999999 1