0 0.5155243109375001 0.7946134875 0.5216908703125 0.7401315796875 0.4931705359375 0.7370476984375001 0.4369006875 0.7473273015624999 0.44846298593749995 0.7689144734375 0.39835969531250004 0.782277959375 0.35981870312500003 0.78433388125 0.3875682171875 0.812088815625 0.5155243109375001 0.7946134875
0 0.315881971875 0.8532072359375 0.40760953437499997 0.8460115140625 0.41531773125000004 0.8439555921874999 0.5548361234375 0.8388157906249999 0.5656276015625 0.8110608562499999 0.371381 0.81722861875 0.24419572656250002 0.8244243421874999 0.20719637500000002 0.8326480265624999 0.2203003109375 0.848067434375 0.2919865578125 0.848067434375 0.315881971875 0.8532072359375
0 0.2557580234375 0.935444078125 0.28273671875 0.974506578125 0.271945240625 0.9919819078125001 0.201800634375 0.9858141437500001 0.23186260937499997 0.9621710515625 0.23802916718749997 0.9498355265624999 0.2179878515625 0.945723684375 0.1755927609375 0.9971217093750001 0.3590478828125 0.994037828125 0.3736934609375 0.9755345406249999 0.35519378437500004 0.9621710515625 0.363672803125 0.9220805921874999 0.3127986921875 0.920024671875 0.3012363953125 0.9416118421874999 0.2557580234375 0.935444078125
0 0.368297721875 0.8747944078125001 0.5178367703125 0.85629111875 0.4230259296875 0.8532072359375 0.368297721875 0.8747944078125001
0 0 0.99921875 0.115407146875 0.99921875 0.13005272343750002 0.99921875 0.12584858125 0.9872702203125 0.1094799953125 0.9711856624999999 0.12471865156249999 0.9560032906249999 0.14784324531249998 0.9251644734375001 0.0499491265625 0.9231085515625 0 0.96953125 0 0.99921875
0 0.0043764421875 0.88042279375 0.051759192187500004 0.8723805140625001 0.081050346875 0.8528492640625001 0.0646817609375 0.84136029375 0.11206450937500001 0.8137867640625001 0.10431096875000001 0.8 0.012129984375 0.8344669124999999 0.0043764421875 0.88042279375
0 0.6453358140625001 0.9413143375 0.660842896875 0.86089154375 0.597953065625 0.8712316171875001 0.591922534375 0.8390625 0.5186946484375 0.8746783078125 0.48509597187500003 0.8930606624999999 0.48940349375 0.9953125 0.62465970625 0.99301470625 0.6496433374999999 0.9631433828124999 0.7538853859375 0.9838235296875 0.9149867328125 0.9826746328124999 0.8977566421875001 0.9608455875 0.6453358140625001 0.9413143375
0 0.2774733796875 0.8723805140625001 0.27488886562500003 0.8838694859375 0.42995968125 0.9206341921875 0.5186946484375 0.8930606624999999 0.2774733796875 0.8723805140625001
0 0.8038526484374999 0.620772059375 0.7237327265625 0.625367646875 0.7177021953125 0.644898896875 0.7883455671874999 0.6483455874999999 0.8038526484374999 0.620772059375
0 0.0724353015625 0.5587316171875 0.090526896875 0.5897518374999999 0.1086184921875 0.5805606625 0.106033978125 0.449586396875 0.041421137499999997 0.4403952203125 0.0017919296875000001 0.4587775734375 0.00696095625 0.520818015625 0.030221578125 0.48979779375000004 0.039698128124999996 0.50473345625 0.052620696875 0.512775734375 0.08277335625 0.5219669125 0.0724353015625 0.5587316171875
0 0.0483131734375 0.6931525734374999 0 0.71796875 0.0017919296875000001 0.7482996328125 0.06640476875 0.742555146875 0.1129260140625 0.7172794125 0.1017264546875 0.70234375 0.0483131734375 0.6931525734374999
0 0.1663392953125 0.449586396875 0.11981805000000001 0.442693015625 0.1189565453125 0.5805606625 0.1396326546875 0.58285845625 0.13704814062499998 0.5346047796875 0.1603087640625 0.512775734375 0.1740928359375 0.512775734375 0.1663392953125 0.449586396875
0 0.580722975 0.56332720625 0.6332747515625 0.5541360296875 0.6410282921875 0.5162224265625001 0.6306902375 0.48979779375000004 0.6677349328125 0.47141544062499996 0.676349978125 0.423161765625 0.406699059375 0.43809742656250006 0.3963610046875 0.4610753671875 0.43943623125000003 0.549540440625 0.4497742859375 0.52426470625 0.48681898125 0.551838234375 0.5118026125 0.551838234375 0.541093765625 0.547242646875 0.580722975 0.56332720625