0 0.087966009375 0.64453125 0.1297697375 0.6198601984375001 0.1619791671875 0.535567434375 0.172258771875 0.4728618421875 0.12428728124999999 0.45641447343749997 0 0.471875 0.047532895312500004 0.663034540625 0.066721490625 0.7103207234375 0.127713815625 0.71237664375 0.1599232453125 0.6784539484375001 0.11606359687500001 0.6589226984375001 0.087966009375 0.64453125
0 0.30315241249999997 0.77199835625 0.42033991249999997 0.8861019734375001 0.434731359375 0.7874177625 0.3942982453125 0.7637746703125 0.3408442984375 0.7555509875 0.356606359375 0.703125 0.31069078906250003 0.63527960625 0.30315241249999997 0.77199835625
0 0.4922971484375 0.6517269734375 0.49503837656250005 0.6198601984375001 0.44021381562500006 0.54995888125 0.47516447343749996 0.682565790625 0.5005208328124999 0.7010690796875 0.4922971484375 0.6517269734375
0 0.647176534375 0.73293585625 0.696518640625 0.7658305921874999 0.7163925437499999 0.7175164484375001 0.6725328953124999 0.703125 0.668421053125 0.682565790625 0.6416940796875 0.66097861875 0.6368969296875 0.6784539484375001 0.647176534375 0.73293585625
0 0.7314692984375 0.753495065625 0.7150219296875 0.8521792765624999 0.7342105265625001 0.959087171875 0.7965734656250001 0.9703947359375 0.8130208328125 0.887129934375 0.7904057015625 0.8305921062499999 0.819188596875 0.7987253296875 0.7787554828125 0.7596628296875 0.7314692984375 0.753495065625
0 0.95625 0.6856496703125 0.8911458328125 0.68050986875 0.821929825 0.6969572375 0.8349506578125 0.7288240125 0.8733278515625 0.7267680921874999 0.9165021937500001 0.773026315625 0.9521381578125 0.818256578125 0.9829769734375 0.7668585515624999 0.9994791671875 0.7484375 0.9994791671875 0.6921875 0.95625 0.6856496703125
0 0.900054825 0.5324835515624999 0.8863486843749999 0.54995888125 0.84454495625 0.53042763125 0.8301535093749999 0.5787417765625 0.803426534375 0.545847040625 0.775328946875 0.565378290625 0.7527138156250001 0.5725740125 0.7568256578125 0.60546875 0.7958881578125 0.5797697375 0.8164473687499999 0.61574835625 0.8493421046874999 0.6208881578125001 0.9219846484374999 0.6198601984375001 0.936376096875 0.5736019734375 0.9870888156250001 0.6034128296875 0.9994791671875 0.5984375 0.9973684203125 0.5016447375 0.8952576750000001 0.5016447375 0.9404879390625001 0.5540707234375 0.92266995625 0.5612664484375001 0.900054825 0.5324835515624999
0 0.48407346562500003 0.47183388125 0.49503837656250005 0.41735197343749997 0.26408991249999997 0.45949835625 0.30041118437500003 0.52425986875 0.38264802656249997 0.526315790625 0.48407346562500003 0.47183388125
0 0.5450657890625 0.43996710625 0.52587719375 0.46566611875 0.57110745625 0.469777959375 0.565625 0.4533305921875 0.5450657890625 0.43996710625
0 0.5896107453125 0.41940789375 0.663623903125 0.4903371703125 0.8342653515625 0.4738898015625 0.8157620609375 0.4152960515625 0.5896107453125 0.41940789375
0 0.892516446875 0.44921875 0.8829221484374999 0.41324013125 0.864418859375 0.4533305921875 0.9062225875 0.457442434375 0.9864035093749999 0.43893914375 0.9994791671875 0.3921875 0.8890899125 0.3844572359375 0.9075932015625 0.4245476984375 0.8945723687499999 0.4348273015625 0.892516446875 0.44921875