0 0.5085869328125 0.9971217093750001 0.4839206984375 0.9477796062499999 0.44383806562499994 0.945723684375 0.4800665984375 0.99917763125 0.5085869328125 0.9971217093750001
0 0.49085807656249997 0.9416118421874999 0.5918354765625 0.99300986875 0.5656276015625 0.968338815625 0.5995436749999999 0.95394736875 0.52477415 0.9251644734375001 0.49085807656249997 0.9416118421874999
0 0.8670181609375 0.8881578937500001 0.9163506296874999 0.9118009859375 0.9356211265625 0.9046052640625 0.8670181609375 0.8881578937500001
0 0.9240588296875 0.926192434375 0.9525791640625 0.935444078125 0.958745721875 0.9220805921874999 0.9302253875 0.92105263125 0.9240588296875 0.926192434375
0 0.993432615625 0.9282483562499999 0.9726204796875001 0.9416118421874999 0.9994141765625001 0.95 0.993432615625 0.9282483562499999
0 0.9888076953124999 0.876850328125 0.9994141765625001 0.8796875 0.994203434375 0.859375 0.9749329390625 0.85629111875 0.9888076953124999 0.876850328125
0 0.9017050531249999 0.8100328937500001 0.9294545671875 0.8521792765624999 0.9994141765625001 0.85 0.9017050531249999 0.8100328937500001
0 0.7868528968749999 0.9560032906249999 0.8508309437499999 0.95394736875 0.7829987968750001 0.9426398015625 0.7868528968749999 0.9560032906249999
0 0.66968828125 0.8449835515625 0.632688928125 0.8408717093750001 0.6357722078125 0.8634868421874999 0.6835630375 0.8645148015625 0.66968828125 0.8449835515625
0 0.6373138468749999 0.8141447359375 0.7321246875 0.8470394734375001 0.7321246875 0.831620065625 0.6373138468749999 0.8141447359375
0 0.20719637500000002 0.994037828125 0.27348688125 0.99917763125 0.2919865578125 0.9837582234375001 0.288903278125 0.7884457234375 0.27502852031249997 0.8213404593750001 0.1956340765625 0.8162006578125001 0.18253013906249999 0.8388157906249999 0.258841303125 0.8460115140625 0.20719637500000002 0.994037828125
0 0.5876828374999999 0.9071180546875001 0.59000753125 0.8934771828124999 0.5644358890625 0.8767361109375 0.496554803125 0.8792162703124999 0.5114328484375 0.8996775796875 0.5876828374999999 0.9071180546875001
0 0.6481249015625 0.9505208328125001 0.6481249015625 0.945560515625 0.5644358890625 0.9350198421875 0.6267377093750001 0.9511408734375 0.6481249015625 0.9505208328125001
0 0.40170725625000003 0.8308531734375 0.394733171875 0.8494543640625001 0.419839875 0.904637896875 0.43983225 0.8872767859374999 0.40170725625000003 0.8308531734375
0 0.8038794499999999 0.8209325390625001 0.8117834125 0.812251984375 0.76157000625 0.8091517859374999 0.7820273203125 0.8240327390625 0.8038794499999999 0.8209325390625001
0 0.640685878125 0.7924107140625 0.76575445625 0.8289930546875001 0.738787996875 0.8054315484375 0.63557155 0.7781498015625 0.640685878125 0.7924107140625
0 0.1493116578125 0.844970703125 0.11178236718750001 0.873046875 0.1191051546875 0.91943359375 0.1895869953125 0.86083984375 0.1493116578125 0.844970703125
0 0.6939198171875 0.89904269375 0.723623521875 0.8869388203125 0.6526646703125001 0.8847381171875 0.6939198171875 0.89904269375
0 0.9994141765625001 0.99765625 0.9994141765625001 0.98359375 0.8886441078124999 0.9573613546875 0.9519625078124999 0.99921875 0.9994141765625001 0.99765625
0 0.31437246874999997 0.78900748125 0.2879691734375 0.7097821296875 0.2788930421875 0.7614986796875 0.31437246874999997 0.78900748125