0 0.6916015625 0.68834375 0.622934375 0.6175234374999999 0.577615625 0.5564734375 0.5309203124999999 0.48809531249999993 0.49658749999999996 0.4563484375 0.46774843749999995 0.41727499999999995 0.4608390625 0.3966015625 0.4462625 0.385353125 0.43360937499999996 0.3770375 0.42150625 0.36725625 0.4226078125 0.356984375 0.42563281249999996 0.34329062499999996 0.41793125 0.3442703125 0.40032968750000003 0.349159375 0.3901515625 0.3560078125 0.38217500000000004 0.36334374999999997 0.381075 0.36676875 0.3857515625 0.3741046875 0.3915265625 0.39073125000000003 0.40087968749999997 0.4054046875 0.396478125 0.41763281250000006 0.395103125 0.42692500000000005 0.394553125 0.44942343749999997 0.3923515625 0.46947656249999997 0.38932656250000003 0.48659375000000005 0.3871265625 0.5120265625 0.38217500000000004 0.5379484375 0.3857515625 0.5575125 0.38134999999999997 0.586375 0.37915 0.6098515625 0.3758484375 0.633815625 0.3711734375 0.6475109375 0.4072046875 0.6714765625 0.40252968750000007 0.586375 0.4237078125 0.5736578125 0.433334375 0.5780609375 0.438834375 0.697396875 0.48971875000000004 0.7340359375000001 0.48641875 0.629859375 0.504571875 0.6137203125 0.5172234375 0.6186109375 0.5185984375 0.62105625 0.5219 0.75946875 0.626434375 0.835721875 0.628909375 0.6953546875 0.6421125 0.6689453125 0.661365625 0.6777484375 0.657240625 0.86064375 0.84404375 0.9984375 0.9984375 0.9984375 0.9607765625000001 0.942315625 0.8742546875 0.8592859374999999 0.7740015625 0.7640453125
0 0.30009687500000004 0.715525 0.29693593749999997 0.719415625 0.287696875 0.7276312500000001 0.29012812499999996 0.7704375 0.30641875 0.7881625
0 0.264596875 0.76568125 0.2599765625 0.7678421875 0.2777265625 0.9727515625 0.28526562499999997 0.9835625
0 0.236634375 0.7864109375 0.2334734375 0.7894375 0.2466046875 0.9286625000000001 0.2529265625 0.9368765625
0 0.30909375 0.8153796874999999 0.29328906250000003 0.7993828125 0.3095796875 0.9984375 0.3217375 0.9984375
0 0.346259375 0.692865625 0.3321578125 0.67989375 0.32534843750000003 0.6863796875 0.334103125 0.820846875 0.356959375 0.8476546875000001
0 0.36741562499999997 0.9984375 0.3576890625 0.8783156249999999 0.33702031250000003 0.851509375 0.34723281250000004 0.9984375
0 0.4221234375 0.9984375 0.420665625 0.9552468749999999 0.38929843750000004 0.9163328125 0.39294531250000003 0.9984375
0 0.4108078125 0.74620625 0.376440625 0.7150640625 0.38600625 0.8810890625000001 0.41931874999999996 0.9243265624999999
0 0.49761249999999996 0.9984375 0.49202031249999995 0.81320625 0.442396875 0.7731515625000001 0.4501984375 0.96018125 0.481321875 0.9984375
0 0.6223875 0.9984375 0.62433125 0.9295015624999999 0.5245031250000001 0.8437046875 0.5268265624999999 0.9984375
0 0.7041109375 0.9984375 0.65525 0.9578203125 0.6537796874999999 0.9984375