0 0.14553078749999998 0.7206003296875 0.157093084375 0.7206003296875 0.1740511203125 0.7206003296875 0.187925878125 0.714432565625 0.197175715625 0.7072368421874999 0.1802176796875 0.6990131578125001 0.16865538124999999 0.69284539375 0.16557210312499998 0.704152959375 0.1540098046875 0.7051809203125 0.13705176875 0.7051809203125 0.14784324531249998 0.7288240125 0.1755927609375 0.733963815625 0.14553078749999998 0.7206003296875
0 0.3359232875 0.8110608562499999 0.368297721875 0.8100328937500001 0.49548299531250006 0.8912417765624999 0.42842166875 0.8943256578125001 0.324360990625 0.890213815625 0.32744426875 0.91488486875 0.3659852625 0.97964638125 0.3783183796875 0.9971217093750001 0.4399839671875 0.9817023015625 0.4993370953125 0.9765625 0.5147534921875 0.9817023015625 0.5787315390625001 0.9899259859375 0.6380846671875 0.99609375 0.7059168125 0.99917763125 0.6689174609374999 0.9673108562499999 0.7529368234375 0.97964638125 0.749082725 0.9642269734375001 0.745228625 0.9303042765624999 0.6689174609374999 0.91796875 0.6465636859375 0.915912828125 0.61727253125 0.9056332234375001 0.589523015625 0.900493421875 0.5540653046874999 0.8994654593750001 0.502420375 0.85629111875 0.430734128125 0.81722861875 0.3937347765625 0.7956414484375001 0.338235746875 0.75863486875 0.31819443125 0.7761101984375001 0.27657015937499996 0.77816611875 0.254216384375 0.77816611875 0.2203003109375 0.77816611875 0.240341628125 0.8069490140625 0.2488206453125 0.812088815625 0.27657015937499996 0.8131167765624999 0.31434033281249996 0.8141447359375 0.3359232875 0.8110608562499999
0 0.382172478125 0.828536184375 0.3744642796875 0.8264802640625 0.26038294375 0.831620065625 0.29584065625 0.837787828125 0.271945240625 0.8521792765624999 0.349027225 0.8470394734375001 0.36675608125000003 0.8470394734375001 0.40298461406249997 0.8449835515625 0.4207134703125 0.8449835515625 0.382172478125 0.828536184375
0 0.44152560625000004 0.8686266437500001 0.43612986718749996 0.859375 0.3451731265625 0.857319078125 0.3127986921875 0.8583470406249999 0.3652144421875 0.8747944078125001 0.44152560625000004 0.8686266437500001
0 0.3867973984375 0.8727384859375 0.4052970734375 0.8861019734375001 0.47312922031250004 0.8861019734375001 0.465421021875 0.8799342093750001 0.3867973984375 0.8727384859375
0 0.7066876328125 0.8799342093750001 0.8415811046874999 0.867598684375 0.7159374703125 0.8192845406249999 0.6558135234375 0.7987253296875 0.5571485828125 0.80386513125 0.7066876328125 0.8799342093750001
0 0.76681158125 0.7164884875 0.7575617421875 0.7370476984375001 0.8408102859375 0.76171875 0.8523725828125001 0.7678865125 0.8446643843749999 0.743215459375 0.7837696171874999 0.7206003296875 0.76681158125 0.7164884875
0 0.861622421875 0.6774259875 0.9994141765625001 0.70546875 0.9994141765625001 0.6953125 0.9340794875 0.6815378296875 0.861622421875 0.6774259875
0 0.855487675 0.66220238125 0.8810593171875001 0.6715029765625 0.99775899375 0.692584325 0.9976241609375001 0.675 0.8750151109375001 0.653521825 0.855487675 0.653521825 0.855487675 0.66220238125
0 0.914632559375 0.79110243125 0.9553147171875 0.7943576390625 0.99681051875 0.782421875 0.9992514484375 0.7509548609375 0.9170734875000001 0.74444444375 0.8487274625 0.7314236109375 0.9170734875000001 0.76397569375 0.914632559375 0.79110243125
0 0.8552366078125001 0.6880208328124999 0.817809021875 0.680425346875 0.8145544484375 0.70321180625 0.9994141765625001 0.7453125 0.9994141765625001 0.7125 0.8552366078125001 0.6880208328124999
0 0.161198984375 0.865972221875 0.22384950781250001 0.875737846875 0.210017575 0.85078125 0.161198984375 0.8496961796875 0.161198984375 0.865972221875
0 0.196185640625 0.8377604171874999 0.188862853125 0.8279947921874999 0.152248909375 0.8247395828125 0.1766582046875 0.846440971875 0.196185640625 0.8377604171874999
0 0.29014403125 0.76508620625 0.225501484375 0.761494253125 0.24772236093750002 0.7704741390625001 0.30899810781250003 0.773168103125 0.29014403125 0.76508620625
0 0.2569301171875 0.75198143125 0.2308883640625 0.7516163796875001 0.2450289203125 0.7596982765625 0.273310034375 0.757004309375 0.2746567546875 0.7453304609375 0.2569301171875 0.75198143125
0 0.30293786875 0.76418821875 0.297550990625 0.7552083328125 0.31438498593749997 0.7516163796875001 0.2786969140625 0.7453304609375 0.30293786875 0.76418821875
0 0.52556699375 0.8640252984375 0.635757525 0.8630952390625 0.566714090625 0.83798363125 0.4781432203125 0.8333333328125001 0.52556699375 0.8640252984375
0 0.077133371875 0.785900296875 0.08410745625 0.7784598218750001 0.0680670625 0.7682291671875 0.06597483750000001 0.782180059375 0.077133371875 0.785900296875
0 0.11127088125 0.948129734375 0.06777795625000001 0.9457623109375 0.072216009375 0.9564157203124999 0.103282384375 0.9611505687499999 0.11127088125 0.948129734375
0 0.1655275671875 0.6163194437499999 0.1088980015625 0.6319444437499999 0.1577165921875 0.6276041671875 0.18961140468749998 0.6197916671875 0.183102259375 0.612847221875 0.1655275671875 0.6163194437499999
0 0.23570464375000003 0.61158288125 0.20718609687499998 0.6189236109375 0.224109875 0.625 0.263164746875 0.629340278125 0.2618629171875 0.6102430562500001 0.23570464375000003 0.61158288125
0 0.544453846875 0.8912037046875 0.689824759375 0.8873456781250001 0.68765504375 0.8767361109375 0.544453846875 0.8825231484374999 0.544453846875 0.8912037046875
0 0.46919964218750004 0.7965863171875001 0.4986937359375 0.8131856234375 0.51208784375 0.8178767328125 0.5292701828124999 0.8162528874999999 0.47447610781250005 0.7902713625 0.41684085781249997 0.7951428984375 0.45174671406250005 0.7956841796874999 0.4589172953125 0.7982101625 0.46919964218750004 0.7965863171875001
0 0.47907610468749995 0.8095770796874999 0.47907610468749995 0.807051096875 0.47366434375 0.8061489609375 0.4409231921875 0.808133659375 0.4425467203125 0.8095770796874999 0.47907610468749995 0.8095770796874999
0 0.49774667812500006 0.81480946875 0.495581975 0.811561778125 0.45702317968750006 0.8126443421875 0.42739379062499994 0.8122834875 0.43578202031249996 0.8184180140624999 0.49774667812500006 0.81480946875
0 0.47637022343749996 0.820583140625 0.48800550937500004 0.8216657046875 0.4920643296875 0.8180571593750001 0.4793466921875 0.8167941687500001 0.47637022343749996 0.820583140625
0 0.4442956640625 0.8023313484375001 0.47126212343749996 0.8023313484375001 0.46847248906249994 0.80009920625 0.44410968906250003 0.799851190625 0.4442956640625 0.8023313484375001
0 0.379020475 0.7856425703125 0.38819601718749996 0.782818775 0.3787852046875 0.7774849390624999 0.3672569609375 0.7768574296875 0.3696096625 0.777171184375 0.379020475 0.7856425703125
0 0.361447153125 0.7512894421875 0.38704136562499997 0.763046115625 0.406379215625 0.757357403125 0.38533508437499997 0.745600728125 0.3204964140625 0.7497724515625 0.3230450359375 0.752076740625 0.3230558359375 0.7520479359375 0.361447153125 0.7512894421875
0 0.26218537343750004 0.700648415625 0.236523959375 0.700873559375 0.235018409375 0.7017818453125 0.2451340390625 0.7074027375 0.25306881875 0.713256484375 0.258977696875 0.717534221875 0.28193790937499996 0.7166336453125 0.2728213546875 0.7125810515625 0.258977696875 0.71145533125 0.25509471875 0.7074027375 0.249692315625 0.7087536015625 0.2434457875 0.7040255765625 0.2674189515625 0.7024495671875 0.260665946875 0.69524495625 0.24293931249999998 0.6979466859375 0.259484171875 0.6988472625 0.26218537343750004 0.700648415625
0 0.2888597375 0.729692003125 0.27670433125 0.7247388328125 0.3087811 0.749954971875 0.310807 0.746352665625 0.29746981875 0.7373469015625 0.3006774953125 0.73622118125 0.292911540625 0.73554575 0.292742715625 0.733519453125 0.2897038640625 0.7328440203125 0.2888597375 0.729692003125
0 0.2726525296875 0.736446325 0.28362616093750004 0.7373469015625 0.2841326359375 0.734420028125 0.280080834375 0.733969740625 0.2726525296875 0.736446325
0 0.09732966093749999 0.863681103125 0.104710109375 0.845226378125 0.091333046875 0.845226378125 0.0830300421875 0.87536909375 0.09271688125000001 0.8815206703125 0.09732966093749999 0.863681103125
0 0.1254676203125 0.7824803140625 0.1803597046875 0.7997047234375 0.185895040625 0.7714074796875 0.14991535625000002 0.767101378125 0.1254676203125 0.7824803140625
0 0.14387125625 0.6759344359375 0.1152980234375 0.6751685046875 0.1135750140625 0.6807215078125 0.13023076875 0.6799555749999999 0.148753115625 0.6789981625 0.1589475859375 0.6851256125 0.1790493578125 0.68435968125 0.17086506562499998 0.679381128125 0.14387125625 0.6759344359375
0 0.08643762187500001 0.6765088859375 0.0934732421875 0.683976715625 0.0910323125 0.684742646875 0.106252225 0.6801470593750001 0.10079602968750001 0.6765088859375 0.08643762187500001 0.6765088859375
0 0.1320542859375 0.7327473953125 0.1276606140625 0.7311197921875 0.144014840625 0.7548828125 0.1320542859375 0.7327473953125
0 0.175746925 0.6422526046875 0.1674477640625 0.6438802078125 0.1813610625 0.6481119796875 0.18258152656249999 0.63671875 0.1713532515625 0.6370442703125 0.175746925 0.6422526046875
0 0.15768404687499998 0.6546223953125 0.1449912125 0.6549479171875 0.15060535 0.6595052078125 0.159392696875 0.65625 0.15768404687499998 0.6546223953125
0 0.1322983796875 0.6637369796875 0.1340070296875 0.6617838546875 0.111794571875 0.66015625 0.1034954109375 0.6666666671875 0.11277094375 0.669921875 0.14132981875 0.6725260421875 0.1322983796875 0.6637369796875
0 0.0969049015625 0.6565755203125 0.10813317656250002 0.66015625 0.134739309375 0.66015625 0.134495215625 0.6552734375 0.08421206718749999 0.65234375 0.0969049015625 0.6565755203125
0 0.14805813125 0.6438047046875 0.1502373421875 0.6429499453124999 0.147224903125 0.6407275718750001 0.1449815984375 0.642009709375 0.14805813125 0.6438047046875
0 0.1522883625 0.6373085328125 0.1497245859375 0.639018053125 0.1529293078125 0.640214715625 0.160748828125 0.6380778171875 0.1617743390625 0.636453775 0.1522883625 0.6373085328125
0 0.1532152671875 0.6456417234375 0.153117303125 0.6478626671875001 0.1558602875 0.6494303921875 0.158603271875 0.64916910625 0.1578195625 0.6465562296875 0.1532152671875 0.6456417234375
0 0.13861867187500002 0.6492997500000001 0.14655373437500002 0.648777175 0.150080428125 0.65152069375 0.1517458109375 0.6483852421875 0.1487089359375 0.6459030109375 0.133132703125 0.6459030109375 0.13861867187500002 0.6492997500000001
0 0.107688065625 0.753102021875 0.1285795515625 0.7743566171875 0.1328870734375 0.771484375 0.11285709375 0.75224035 0.107688065625 0.753102021875
0 0.105103553125 0.772346046875 0.10962645156249999 0.7783777578125 0.120610634375 0.7792394296875 0.11953375468750001 0.7743566171875 0.105103553125 0.772346046875
0 0.4505185046875 0.9800164484374999 0.48130697031249997 0.99917745625 0.518626778125 0.9947262703125 0.5666553609375 0.9882401312500001 0.5039620140625 0.97590460625 0.4505185046875 0.9800164484374999
0 0.5615165625 0.9896107453124999 0.518626778125 0.9947262703125 0.4854623375 0.99920504375 0.562544321875 0.9964638156250001 0.5615165625 0.9896107453124999